1.0
-0.4999999999999998
-0.5000000000000004
1.0
-0.4999999999999992
-0.5000000000000013
1.0
-0.499999999999999
-0.5000000000000016
1.0
-0.4999999999999972
-0.5000000000000049
1.0
-0.49999999999999395
-0.500000000000002
1.0
-0.49999999999999684
-0.5000000000000053
1.0
-0.4999999999999966
-0.5000000000000056
1.0
-0.49999999999999023
-0.5000000000000119
1.0
-0.49999999999999617
-0.5000000000000121
1.0
-0.49999999999999595
-0.5000000000000061
1.0
-0.4999999999999958
-0.5000000000000063
1.0
-0.4999999999999894
-0.5000000000000128
1.0
-0.499999999999983
-0.5000000000000068
1.0
-0.49999999999998895
-0.5000000000000009
1.0
-0.4999999999999826
-0.5000000000000195
1.0
-0.49999999999997624
-0.5000000000000012
1.0
-0.4999999999999945
-0.5000000000000077
1.0
-0.4999999999999758
-0.5000000000000263
1.0
-0.49999999999999406
-0.5000000000000081
1.0
-0.4999999999999877
-0.5000000000000144
1.0
-0.4999999999999936
-0.5000000000000084
